# unix_time, cycles_done, cur_path, paths_total, pending_total, pending_favs, map_size, unique_crashes, unique_hangs, max_depth, execs_per_sec
1568767292, 0, 0, 1, 1, 1, 0.46%, 0, 0, 1, 57.55
1568767303, 0, 0, 12, 12, 1, 0.49%, 0, 0, 2, 61.79
1568767308, 0, 0, 22, 22, 1, 0.49%, 0, 0, 2, 62.26
1568767313, 0, 0, 33, 33, 1, 0.51%, 0, 0, 2, 62.37
1568767318, 0, 0, 40, 40, 1, 0.51%, 0, 0, 2, 62.52
1568767323, 0, 0, 46, 46, 1, 0.51%, 0, 0, 2, 62.46
1568767328, 0, 0, 48, 48, 1, 0.51%, 0, 0, 2, 61.98
1568767333, 0, 0, 51, 51, 1, 0.52%, 0, 0, 2, 62.11
1568767338, 0, 0, 53, 53, 1, 0.52%, 0, 0, 2, 62.35
1568767343, 0, 0, 54, 54, 1, 0.52%, 0, 0, 2, 62.50
1568767354, 0, 0, 55, 55, 1, 0.52%, 0, 0, 2, 62.45
1568767364, 0, 0, 56, 56, 1, 0.52%, 0, 0, 2, 62.37
1568767420, 0, 0, 57, 57, 1, 0.52%, 0, 0, 2, 62.07
1568767538, 0, 0, 58, 58, 1, 0.52%, 0, 0, 2, 62.20
1568767583, 0, 0, 59, 59, 1, 0.52%, 0, 0, 2, 62.71
1568767599, 0, 0, 61, 61, 1, 0.52%, 0, 0, 2, 61.51
1568767619, 0, 0, 61, 61, 1, 0.52%, 2, 0, 2, 63.07
1568767625, 0, 0, 61, 61, 1, 0.52%, 4, 0, 2, 62.98
1568767630, 0, 0, 62, 62, 1, 0.52%, 11, 0, 2, 62.88
1568767656, 0, 0, 63, 63, 1, 0.52%, 11, 0, 2, 62.93
1568768342, 0, 0, 64, 64, 1, 0.52%, 11, 0, 2, 62.93
1568768362, 0, 0, 65, 65, 1, 0.52%, 11, 0, 2, 63.00
1568768373, 0, 0, 66, 66, 1, 0.52%, 11, 0, 2, 62.89
1568768378, 0, 0, 68, 68, 1, 0.52%, 11, 0, 2, 62.99
1568769290, 0, 0, 69, 69, 1, 0.53%, 11, 0, 2, 62.42
1568769315, 0, 0, 70, 70, 1, 0.54%, 11, 0, 2, 62.36
1568769836, 0, 0, 70, 70, 1, 0.54%, 12, 0, 2, 62.76
1568769873, 0, 0, 80, 80, 1, 0.54%, 13, 0, 2, 63.14
1568769878, 0, 0, 109, 109, 1, 0.54%, 14, 0, 2, 63.13
1568769883, 0, 0, 132, 132, 1, 0.54%, 18, 0, 2, 63.08
1568769888, 0, 0, 147, 147, 1, 0.54%, 20, 0, 2, 63.22
1568769893, 0, 0, 156, 156, 1, 0.54%, 20, 0, 2, 63.01
1568769898, 0, 0, 162, 162, 1, 0.54%, 21, 0, 2, 62.97
1568769904, 0, 0, 169, 169, 1, 0.54%, 22, 0, 2, 63.00
1568769909, 0, 0, 175, 175, 1, 0.55%, 22, 0, 2, 62.65
1568769914, 0, 0, 178, 178, 1, 0.55%, 22, 0, 2, 62.88
1568769919, 0, 0, 181, 181, 1, 0.55%, 22, 0, 2, 63.18
1568769924, 0, 0, 184, 184, 1, 0.55%, 22, 0, 2, 63.16
1568769929, 0, 0, 191, 191, 1, 0.55%, 22, 0, 2, 63.30
1568769934, 0, 0, 192, 192, 1, 0.55%, 22, 0, 2, 63.18
1568769940, 0, 0, 193, 193, 1, 0.55%, 22, 0, 2, 63.10
1568769945, 0, 0, 195, 195, 1, 0.55%, 22, 0, 2, 63.04
1568769955, 0, 0, 196, 196, 1, 0.55%, 22, 0, 2, 63.21
1568769960, 0, 0, 199, 199, 1, 0.55%, 22, 0, 2, 62.95
1568769976, 0, 0, 201, 201, 1, 0.55%, 22, 0, 2, 62.92
1568769981, 0, 0, 202, 202, 1, 0.55%, 22, 0, 2, 63.00
1568769986, 0, 0, 203, 203, 1, 0.55%, 22, 0, 2, 62.91
1568769991, 0, 0, 204, 204, 1, 0.55%, 22, 0, 2, 63.01
1568769996, 0, 0, 205, 205, 1, 0.55%, 22, 0, 2, 63.01
1568770007, 0, 0, 206, 206, 1, 0.56%, 22, 0, 2, 63.09
1568770027, 0, 0, 207, 207, 1, 0.56%, 22, 0, 2, 63.02
1568770033, 0, 0, 208, 208, 1, 0.56%, 22, 0, 2, 62.98
1568770043, 0, 0, 210, 210, 1, 0.56%, 22, 0, 2, 63.30
1568770048, 0, 0, 211, 211, 1, 0.56%, 22, 0, 2, 63.04
1568770053, 0, 0, 212, 212, 1, 0.56%, 22, 0, 2, 63.08
1568770058, 0, 0, 213, 213, 1, 0.56%, 22, 0, 2, 62.90
1568770063, 0, 0, 214, 214, 1, 0.57%, 22, 0, 2, 62.89
1568770079, 0, 0, 215, 215, 1, 0.57%, 22, 0, 2, 63.15
1568770084, 0, 0, 216, 216, 1, 0.57%, 22, 0, 2, 63.05
1568770146, 0, 0, 217, 217, 1, 0.57%, 22, 0, 2, 62.97
1568770151, 0, 30, 217, 216, 17, 0.57%, 22, 0, 2, 63.08
1568772675, 0, 51, 217, 215, 17, 0.57%, 22, 0, 2, 62.98
1568775194, 0, 51, 218, 216, 17, 0.57%, 22, 0, 3, 63.30
1568775199, 0, 51, 219, 217, 17, 0.57%, 22, 0, 3, 63.08
1568775225, 0, 61, 219, 216, 19, 0.57%, 22, 0, 3, 63.00
1568775421, 0, 61, 219, 216, 19, 0.57%, 23, 0, 3, 62.86
1568775540, 0, 61, 220, 217, 19, 0.57%, 23, 0, 3, 62.93
1568777734, 0, 69, 220, 216, 19, 0.57%, 23, 0, 3, 62.83
1568777744, 0, 69, 221, 217, 19, 0.57%, 23, 0, 3, 62.92
1568778766, 0, 69, 222, 218, 19, 0.58%, 23, 0, 3, 62.86
1568779209, 0, 69, 223, 219, 19, 0.58%, 23, 0, 3, 63.15
1568779704, 0, 69, 224, 220, 19, 0.58%, 23, 0, 3, 63.09
1568780292, 0, 69, 226, 222, 19, 0.58%, 23, 0, 3, 63.06
1568780308, 0, 69, 227, 223, 19, 0.58%, 23, 0, 3, 62.99
1568780313, 0, 69, 227, 223, 19, 0.58%, 24, 0, 3, 62.95
1568780323, 0, 69, 227, 223, 19, 0.58%, 25, 0, 3, 63.17
1568780328, 0, 69, 229, 225, 19, 0.58%, 25, 0, 3, 63.48
1568780334, 0, 69, 229, 225, 19, 0.58%, 26, 0, 3, 63.18
1568780380, 0, 69, 230, 226, 19, 0.58%, 26, 0, 3, 63.20
1568780421, 0, 69, 231, 227, 19, 0.58%, 26, 0, 3, 63.12
1568780452, 0, 69, 231, 227, 19, 0.58%, 27, 0, 3, 62.99
1568780462, 0, 69, 231, 227, 19, 0.58%, 28, 0, 3, 63.13
1568780493, 0, 69, 232, 228, 19, 0.58%, 28, 0, 3, 62.89
1568780503, 0, 69, 233, 229, 19, 0.58%, 28, 0, 3, 63.02
1568780514, 0, 69, 233, 229, 19, 0.58%, 29, 0, 3, 63.15
1568780524, 0, 69, 233, 229, 19, 0.58%, 30, 0, 3, 63.27
1568780550, 0, 70, 233, 228, 23, 0.58%, 30, 0, 3, 63.88
1568780718, 0, 94, 233, 227, 22, 0.58%, 30, 0, 3, 63.92
1568780972, 0, 98, 233, 226, 21, 0.58%, 30, 0, 3, 63.76
1568782422, 0, 105, 233, 225, 20, 0.58%, 30, 0, 3, 63.68
1568782911, 0, 129, 233, 224, 18, 0.58%, 30, 0, 3, 63.86
1568783211, 0, 177, 233, 223, 17, 0.58%, 30, 0, 3, 63.90
1568784044, 0, 180, 233, 222, 16, 0.58%, 30, 0, 3, 63.55
1568786003, 0, 184, 233, 221, 15, 0.58%, 30, 0, 3, 63.78
1568786339, 0, 189, 233, 220, 14, 0.58%, 30, 0, 3, 63.65
1568787952, 0, 197, 233, 219, 14, 0.58%, 30, 0, 3, 63.22
1568788775, 0, 197, 234, 220, 14, 0.58%, 30, 0, 3, 62.99
1568789418, 0, 197, 235, 221, 14, 0.58%, 30, 0, 3, 63.00
1568789835, 0, 197, 235, 221, 14, 0.58%, 31, 0, 3, 62.60
1568789840, 0, 197, 237, 223, 14, 0.58%, 31, 0, 3, 63.02
1568789851, 0, 197, 238, 224, 14, 0.58%, 32, 0, 3, 63.03
1568789892, 0, 197, 238, 224, 14, 0.58%, 33, 0, 3, 63.11
1568789902, 0, 205, 238, 223, 16, 0.58%, 33, 0, 3, 63.43
1568790123, 0, 205, 238, 223, 16, 0.58%, 34, 0, 3, 63.13
1568791464, 0, 206, 238, 222, 15, 0.58%, 34, 0, 3, 63.44
1568792421, 0, 207, 238, 221, 14, 0.58%, 34, 0, 3, 63.38
1568793561, 0, 213, 238, 220, 13, 0.58%, 34, 0, 3, 63.39
1568794656, 0, 215, 238, 219, 12, 0.58%, 34, 0, 3, 63.42
1568796429, 0, 215, 239, 220, 12, 0.58%, 34, 0, 3, 62.90
1568796434, 0, 215, 239, 220, 12, 0.58%, 35, 0, 3, 63.17
1568796439, 0, 218, 239, 219, 11, 0.58%, 35, 0, 3, 63.53
1568796571, 0, 218, 239, 219, 11, 0.58%, 36, 0, 3, 63.56
1568797209, 0, 219, 239, 218, 9, 0.58%, 36, 0, 3, 63.19
1568799717, 0, 220, 239, 217, 8, 0.58%, 36, 0, 3, 63.73
1568802250, 0, 221, 239, 216, 7, 0.58%, 36, 0, 3, 63.48
1568804561, 0, 222, 239, 215, 6, 0.58%, 36, 0, 3, 63.59
1568806832, 0, 224, 239, 214, 5, 0.58%, 36, 0, 3, 63.71
1568807098, 0, 224, 239, 214, 5, 0.58%, 37, 0, 3, 63.32
1568808780, 0, 224, 240, 215, 5, 0.58%, 37, 0, 4, 62.91
1568808795, 0, 226, 240, 214, 4, 0.58%, 37, 0, 4, 63.72
1568809561, 0, 226, 241, 215, 4, 0.58%, 37, 0, 4, 63.11
1568810198, 0, 226, 242, 216, 4, 0.58%, 37, 0, 4, 63.77
1568810602, 0, 226, 243, 217, 4, 0.58%, 37, 0, 4, 63.98
1568810617, 0, 233, 243, 216, 4, 0.58%, 37, 0, 4, 63.76
1568812375, 0, 234, 243, 215, 3, 0.58%, 37, 0, 4, 63.93
1568814246, 0, 235, 243, 214, 2, 0.58%, 37, 0, 4, 63.67
1568815519, 0, 239, 243, 213, 2, 0.58%, 37, 0, 4, 59.41
1568815601, 0, 239, 243, 213, 2, 0.58%, 38, 0, 4, 63.72
1568816244, 0, 239, 244, 214, 2, 0.58%, 38, 0, 5, 63.60
1568816269, 0, 239, 245, 215, 2, 0.58%, 38, 0, 5, 63.79
1568816483, 0, 239, 246, 216, 2, 0.58%, 38, 0, 5, 63.54
1568817127, 0, 239, 246, 216, 2, 0.58%, 39, 0, 5, 63.70
1568817132, 0, 239, 246, 216, 2, 0.58%, 40, 0, 5, 63.89
1568817142, 0, 242, 246, 215, 3, 0.58%, 40, 0, 5, 64.07
1568817152, 0, 242, 247, 216, 3, 0.58%, 40, 0, 5, 63.37
1568817198, 0, 242, 248, 217, 3, 0.58%, 40, 0, 5, 63.87
1568817467, 0, 242, 249, 218, 3, 0.58%, 40, 0, 5, 64.01
1568818805, 0, 243, 249, 217, 2, 0.58%, 40, 0, 5, 64.27
1568820424, 0, 243, 250, 218, 2, 0.58%, 40, 0, 6, 63.85
1568820439, 0, 245, 250, 217, 2, 0.58%, 40, 0, 6, 63.72
1568821993, 0, 249, 250, 216, 1, 0.58%, 40, 0, 6, 63.88
1568823289, 1, 1, 250, 215, 0, 0.58%, 40, 0, 6, 63.73
1568825818, 1, 1, 251, 216, 0, 0.58%, 40, 0, 6, 63.68
1568825833, 1, 1, 252, 217, 0, 0.58%, 40, 0, 6, 64.04
1568825843, 1, 1, 253, 218, 0, 0.58%, 40, 0, 6, 63.85
1568825853, 1, 1, 254, 219, 0, 0.58%, 40, 0, 6, 63.68
1568825858, 1, 1, 255, 220, 0, 0.58%, 40, 0, 6, 63.77
1568825874, 1, 1, 256, 221, 0, 0.58%, 40, 0, 6, 63.81
1568825909, 1, 1, 257, 222, 0, 0.58%, 40, 0, 6, 63.68
1568825914, 1, 1, 258, 223, 0, 0.58%, 40, 0, 6, 63.68
1568825919, 1, 1, 259, 224, 0, 0.58%, 40, 0, 6, 63.61
1568825935, 1, 1, 260, 225, 0, 0.58%, 40, 0, 6, 63.62
1568825940, 1, 1, 261, 226, 0, 0.58%, 40, 0, 6, 63.58
1568825945, 1, 1, 262, 227, 0, 0.58%, 40, 0, 6, 63.90
1568825960, 1, 1, 263, 228, 0, 0.58%, 40, 0, 6, 63.79
1568825971, 1, 1, 264, 229, 0, 0.58%, 40, 0, 6, 63.68
1568826011, 1, 1, 265, 230, 0, 0.58%, 40, 0, 6, 63.80
1568826016, 1, 1, 266, 231, 0, 0.58%, 40, 0, 6, 63.80
1568826078, 1, 2, 266, 230, 0, 0.58%, 40, 0, 6, 63.57
1568828611, 1, 2, 267, 231, 0, 0.58%, 40, 0, 6, 63.83
1568828621, 1, 5, 267, 230, 0, 0.58%, 40, 0, 6, 63.67
1568831156, 1, 7, 267, 229, 0, 0.58%, 40, 0, 6, 63.61
