# unix_time, cycles_done, cur_path, paths_total, pending_total, pending_favs, map_size, unique_crashes, unique_hangs, max_depth, execs_per_sec
1568845594, 0, 0, 1, 1, 1, 0.22%, 0, 0, 1, 68.38
1568845604, 0, 0, 14, 14, 1, 0.25%, 0, 0, 2, 65.91
1568845609, 0, 0, 26, 26, 1, 0.26%, 0, 0, 2, 66.58
1568845614, 0, 0, 29, 29, 1, 0.26%, 0, 0, 2, 65.00
1568845619, 0, 0, 34, 34, 1, 0.26%, 0, 0, 2, 65.94
1568845624, 0, 0, 35, 35, 1, 0.26%, 0, 0, 2, 65.83
1568845629, 0, 0, 38, 38, 1, 0.26%, 0, 0, 2, 65.43
1568845640, 0, 0, 39, 39, 1, 0.26%, 0, 0, 2, 66.14
1568845655, 0, 0, 40, 40, 1, 0.26%, 0, 0, 2, 67.41
1568845696, 0, 0, 41, 41, 1, 0.26%, 0, 0, 2, 74.02
1568845822, 0, 0, 42, 42, 1, 0.26%, 0, 0, 2, 73.92
1568845858, 0, 0, 44, 44, 1, 0.26%, 0, 0, 2, 73.85
1568845883, 0, 0, 45, 45, 1, 0.26%, 0, 0, 2, 73.89
1568845888, 0, 0, 46, 46, 1, 0.26%, 0, 0, 2, 73.82
1568846197, 0, 0, 47, 47, 1, 0.26%, 0, 0, 2, 74.52
1568846507, 0, 0, 48, 48, 1, 0.26%, 0, 0, 2, 73.90
1568846568, 0, 0, 49, 49, 1, 0.26%, 0, 0, 2, 74.45
1568847265, 0, 0, 50, 50, 1, 0.27%, 0, 0, 2, 74.42
1568847422, 0, 0, 51, 51, 1, 0.27%, 0, 0, 2, 74.31
1568847610, 0, 0, 52, 52, 1, 0.27%, 0, 0, 2, 74.04
1568847635, 0, 0, 70, 70, 1, 0.27%, 0, 0, 2, 74.25
1568847640, 0, 0, 92, 92, 1, 0.28%, 1, 0, 2, 74.20
1568847645, 0, 0, 105, 105, 1, 0.28%, 2, 0, 2, 74.02
1568847650, 0, 0, 112, 112, 1, 0.28%, 3, 0, 2, 74.28
1568847655, 0, 0, 116, 116, 1, 0.28%, 3, 0, 2, 74.23
1568847660, 0, 0, 119, 119, 1, 0.28%, 3, 0, 2, 74.19
1568847665, 0, 0, 121, 121, 1, 0.28%, 4, 0, 2, 73.89
1568847670, 0, 0, 124, 124, 1, 0.28%, 4, 0, 2, 73.68
1568847675, 0, 0, 130, 130, 1, 0.29%, 6, 0, 2, 73.72
1568847681, 0, 0, 133, 133, 1, 0.29%, 6, 0, 2, 73.67
1568847686, 0, 0, 135, 135, 1, 0.29%, 6, 0, 2, 73.82
1568847691, 0, 0, 137, 137, 1, 0.29%, 6, 0, 2, 74.11
1568847696, 0, 0, 138, 138, 1, 0.29%, 9, 0, 2, 73.91
1568847706, 0, 0, 139, 139, 1, 0.30%, 12, 0, 2, 73.60
1568847711, 0, 0, 140, 140, 1, 0.30%, 12, 0, 2, 73.88
1568847716, 0, 0, 141, 141, 1, 0.30%, 14, 0, 2, 73.98
1568847721, 0, 0, 142, 142, 1, 0.30%, 14, 0, 2, 73.62
1568847726, 0, 0, 143, 143, 1, 0.30%, 14, 0, 2, 73.66
1568847736, 0, 0, 144, 144, 1, 0.30%, 14, 0, 2, 73.58
1568847742, 0, 0, 145, 145, 1, 0.30%, 15, 0, 2, 73.50
1568847762, 0, 0, 145, 145, 1, 0.30%, 16, 0, 2, 73.60
1568847767, 0, 0, 146, 146, 1, 0.30%, 16, 0, 2, 73.50
1568847782, 0, 0, 147, 147, 1, 0.30%, 16, 0, 2, 73.60
1568847788, 0, 0, 148, 148, 1, 0.30%, 16, 0, 2, 73.44
1568847793, 0, 0, 149, 149, 1, 0.30%, 16, 0, 2, 73.35
1568847798, 0, 0, 150, 150, 1, 0.30%, 16, 0, 2, 73.43
1568847803, 0, 0, 153, 153, 1, 0.30%, 16, 0, 2, 73.48
1568847808, 0, 0, 154, 154, 1, 0.30%, 16, 0, 2, 73.42
1568847813, 0, 0, 156, 156, 1, 0.31%, 16, 0, 2, 73.44
1568847844, 0, 0, 156, 156, 1, 0.31%, 17, 0, 2, 73.27
1568847849, 0, 0, 157, 157, 1, 0.31%, 17, 0, 2, 73.42
1568847869, 0, 44, 157, 156, 20, 0.31%, 17, 0, 2, 73.84
1568848137, 0, 44, 158, 157, 20, 0.31%, 17, 0, 3, 74.50
1568849999, 0, 44, 159, 158, 20, 0.31%, 18, 0, 3, 74.43
1568850004, 0, 44, 159, 158, 20, 0.31%, 19, 0, 3, 74.53
1568850009, 0, 49, 159, 157, 21, 0.31%, 19, 0, 3, 74.59
1568851986, 0, 49, 160, 158, 21, 0.31%, 19, 0, 3, 74.70
1568851991, 0, 49, 161, 159, 21, 0.31%, 19, 0, 3, 74.67
1568851996, 0, 49, 164, 162, 21, 0.32%, 19, 0, 3, 74.57
1568852011, 0, 49, 165, 163, 21, 0.32%, 19, 0, 3, 74.64
1568852016, 0, 49, 165, 163, 21, 0.32%, 20, 0, 3, 74.83
1568852021, 0, 49, 167, 165, 21, 0.32%, 20, 0, 3, 74.92
1568852026, 0, 49, 168, 166, 21, 0.32%, 20, 0, 3, 74.86
1568852031, 0, 49, 169, 167, 21, 0.32%, 20, 0, 3, 74.88
1568852057, 0, 49, 170, 168, 21, 0.32%, 20, 0, 3, 74.91
1568852067, 0, 49, 171, 169, 21, 0.32%, 20, 0, 3, 74.74
1568852077, 0, 49, 172, 170, 21, 0.32%, 20, 0, 3, 74.87
1568852087, 0, 49, 174, 172, 21, 0.32%, 20, 0, 3, 74.79
1568852092, 0, 49, 175, 173, 21, 0.32%, 20, 0, 3, 74.81
1568852108, 0, 49, 176, 174, 21, 0.32%, 21, 0, 3, 74.37
1568852113, 0, 49, 177, 175, 21, 0.32%, 21, 0, 3, 74.45
1568852118, 0, 49, 178, 176, 21, 0.32%, 21, 0, 3, 74.85
1568852148, 0, 49, 179, 177, 21, 0.32%, 21, 0, 3, 74.77
1568852209, 0, 81, 179, 176, 22, 0.32%, 21, 0, 3, 74.56
1568853923, 0, 81, 180, 177, 22, 0.32%, 21, 0, 3, 74.52
1568853933, 0, 81, 182, 179, 22, 0.32%, 21, 0, 3, 74.88
1568853943, 0, 81, 182, 179, 22, 0.32%, 22, 0, 3, 74.45
1568853973, 0, 81, 183, 180, 22, 0.32%, 22, 0, 3, 74.45
1568854029, 0, 82, 183, 179, 21, 0.32%, 22, 0, 3, 74.62
1568854995, 0, 82, 187, 183, 21, 0.32%, 22, 0, 3, 75.32
1568855000, 0, 82, 189, 185, 21, 0.32%, 22, 0, 3, 75.51
1568855005, 0, 82, 193, 189, 21, 0.32%, 22, 0, 3, 75.51
1568855010, 0, 82, 194, 190, 21, 0.32%, 22, 0, 3, 75.39
1568855015, 0, 82, 196, 192, 21, 0.32%, 22, 0, 3, 75.31
1568855030, 0, 82, 197, 193, 21, 0.32%, 22, 0, 3, 75.54
1568855035, 0, 82, 198, 194, 21, 0.32%, 22, 0, 3, 75.59
1568855041, 0, 82, 199, 195, 21, 0.32%, 22, 0, 3, 75.41
1568855051, 0, 82, 200, 196, 21, 0.32%, 22, 0, 3, 75.59
1568855113, 0, 82, 201, 197, 21, 0.32%, 23, 0, 3, 75.18
1568855215, 0, 89, 201, 196, 21, 0.32%, 23, 0, 3, 74.48
